    1    9    1
    1    1   20
    1   20   53
    1   53   92
    1   92  115
    1  115  135
    1  135  155
    1  155  176
    1  176  216
    1  216  245
    1  245  261
    1  261  255
    1  255  258
    1  258  260
    1  260  257
    1  257  256
    1  256  259
    1  259  262
    1  262  238
    1  238  194
    1  194  159
    1  159  131
    1  131  106
    1  106   73
    1   73   27
    1   27    2
    1    2    8
    1    8    3
    1    3    6
    1    6    5
    1    5    4
    1    4    7
    1    7    9
    2   52   55
    2   55   57
    2   57   64
    2   64   66
    2   66   71
    2   71   76
    2   76   82
    2   82   88
    2   88   96
    2   96  101
    2  101  108
    2  108  116
    2  116  122
    2  122  126
    2  126  133
    2  133  142
    2  142  149
    2  149  153
    2  153  161
    2  161  168
    2  168  172
    2  172  178
    2  178  184
    2  184  191
    2  191  197
    2  197  200
    2  200  204
    2  204  208
    2  208  212
    2  212  211
    2  211  209
    2  209  205
    2  205  199
    2  199  196
    2  196  190
    2  190  185
    2  185  181
    2  181  173
    2  173  169
    2  169  160
    2  160  152
    2  152  148
    2  148  139
    2  139  132
    2  132  124
    2  124  118
    2  118  112
    2  112  103
    2  103   98
    2   98   91
    2   91   84
    2   84   79
    2   79   74
    2   74   69
    2   69   65
    2   65   59
    2   59   56
    2   56   52
