           135           155           145
           140           159           131
           140           158           159
            20            53            42
            42            18            20
            20            18             1
            11             5             4
           137           139           132
           261           255           248
           238           194           221
           247           259           262
           262           238           247
           246           259           247
           238           221           247
           251           259           246
           251           256           259
           157           154           166
           144           154           157
           143           140           129
           144           157           143
           158           140           143
           143           157           158
            93           106            73
             1            18             9
            18            15             9
             9            15             7
            10             5            11
             6            13             3
             5            10             6
             6            10            13
           118           121           124
           137           132           130
           132           124           130
           130           124           121
            11             4            14
           261           248           245
           236           248           249
           249           248           255
           227           189           216
           216           245           227
           227           245           248
           227           248           236
           216           189           176
           179           221           194
           159           158           179
           179           194           159
           246           247           231
           231           247           221
           149           154           147
           147           154           144
           147           142           149
           144           138           147
           138           142           147
           106            93           117
           131           106           117
           117           140           131
           129           140           117
           129           117           111
            93            97           111
           111           117            93
            75            97            93
             8            19             2
             2            19            27
            16             8             3
            19             8            16
            32            18            42
            32            15            18
            42            67            32
            32            67            61
           135           145           125
            11            14            23
             7            15            12
            12             4             7
            12            14             4
           258           249           255
           252           249           258
           260           252           258
           167           176           189
           167           150           145
           164           150           167
           167           145           155
           155           176           167
           221           179           195
           202           231           195
           195           231           221
           195           180           202
           134           143           129
           134           138           144
           144           143           134
            85            75            60
            97            75            85
            49            27            19
            73            27            49
            49            93            73
            49            75            93
            15            32            31
            31            61            45
            31            32            61
            13            10            22
           254           260           257
           188           178           184
            61            67            86
            89            86            67
           100            86            89
           107           125           120
           107            92           115
           135           125           115
           115           125           107
            83            92           107
            42            53            83
            53            92            83
            83            67            42
            83            89            67
            34            46            37
            37            23            34
            29            23            37
            37            43            29
            46            43            37
            50            46            34
            14            12            26
            34            23            26
            26            23            14
            45            61            68
            68            54            45
           136           150           141
           136           120           125
           136           125           145
           145           150           136
           141           150           151
           151           150           164
           164           162           151
           182           167           189
           164           167           182
           170           195           179
           158           157           170
           170           179           158
           180           195           170
           166           180           170
           170           157           166
           109           111            97
            36            49            19
            36            33            60
            60            75            36
            75            49            36
            19            16            36
            16            33            36
            60            33            58
            70            77            58
            13            22            25
            25            35            39
            25            22            35
            17            33            16
             3            13            17
            17            16             3
            13            25            17
            21            22            10
            21            10            11
            11            23            21
            21            23            29
            55            44            41
            29            43            41
            35            22            30
            30            44            35
            30            21            29
            22            21            30
            29            41            30
            30            41            44
           246           231           225
           225           231           202
           250           252           260
           260           254           250
           153           154           149
           178           188           177
           203           225           202
           218           225           203
           198           188           184
           218           203           198
           198           203           188
           191           198           184
           222           212           223
           113           121           118
           107           120           105
           105            83           107
            89            83           105
           100            89           105
            55            41            52
            52            41            43
            56            43            46
            46            59            56
            56            52            43
            69            50            62
            65            59            46
            46            50            65
            65            50            69
            34            26            40
            54            62            40
            40            50            34
            40            62            50
            24            26            12
            24            12            15
            15            31            24
            24            31            45
            61            86            80
            80            68            61
           120           136           127
           127           130           121
           127           136           141
           127           141           137
           137           130           127
           189           227           206
           206           182           189
           206           227           236
           236           214           206
           187           182           206
           206           214           187
            82            77            70
            70            76            82
           101            94            96
            78            94            85
            78            58            77
            78            85            60
            60            58            78
           110           109            99
            85            94            99
            97            85            99
            99           109            97
           133           142           138
           119           109           110
            47            58            33
            70            58            47
           237           225           218
           218           226           237
           237           251           246
           246           225           237
           243           254           244
           243           250           254
           166           154           163
           154           153           163
           178           177           172
           186           177           188
           188           203           186
           186           203           202
           202           180           186
           236           249           234
           234           214           236
           212           222           208
           198           191           207
           207           226           218
           218           198           207
           223           212           211
           211           209           223
           235           222           223
           235           243           244
           114           113           100
           100           105           114
           114           105           120
           121           113           114
           114           127           121
           120           127           114
            38            40            26
            26            24            38
            38            24            45
            45            54            38
            54            40            38
            95            86           100
            95            80            86
           146           139           137
           146           148           139
           137           141           146
           141           151           146
           187           214           192
            77            82            88
            39            35            48
            48            51            39
            35            44            48
            44            64            48
           116           119           110
            87            78            77
            94            78            87
            96            94            87
            87            88            96
            77            88            87
            94           101           102
           102            99            94
           110            99           102
           109           119           123
           123           134           129
           129           111           123
           111           109           123
            28            47            33
            33            17            28
            28            17            25
            28            25            39
            39            47            28
            70            47            63
            51            71            63
            39            51            63
            63            47            39
            63            76            70
            63            71            76
           256           251           253
           257           256           253
           253           254           257
           244           254           253
           253           240           244
           242           237           226
           226           230           242
           242           230           240
           240           253           242
           251           237           242
           242           253           251
           215           200           204
           215           230           226
           226           207           215
           250           243           241
           252           250           241
           168           163           161
           161           163           153
           171           163           168
           168           172           171
           171           172           177
           171           186           180
           177           186           171
           171           180           166
           166           163           171
           185           201           190
           190           201           196
           197           207           191
           200           215           197
           197           215           207
           222           235           232
           240           230           232
           244           240           232
           232           235           244
            57            44            55
            57            64            44
            68            80            81
           100           113           104
           104            95           100
           148           146           156
           156           152           148
           156           146           151
           156           151           162
           160           152           156
           181           173           183
           224           201           210
           210           192           214
           214           234           210
           210           234           224
           165           169           160
           165           156           162
           160           156           165
            66            71            51
            51            48            66
            66            48            64
           126           119           122
           119           116           122
           108           102           101
           108           116           110
           110           102           108
           128           119           126
           128           123           119
           134           123           128
           138           134           128
           128           133           138
           126           133           128
           219           215           204
           230           215           219
           219           232           230
           204           208           219
           219           208           222
           222           232           219
           213           201           224
           199           196           213
           196           201           213
           252           241           239
           239           249           252
           239           234           249
           224           234           239
           199           213           217
           233           241           243
           233           235           223
           243           235           233
            80            95            90
            90            81            80
            72            62            54
            54            68            72
            68            81            72
            72            81            84
            84            79            72
           112           113           118
           112           104           113
           193           201           185
           193           210           201
           192           210           193
           193           183           192
           185           181           193
           181           183           193
           174           165           162
           174           182           187
           174           162           164
           164           182           174
           169           165           175
           173           169           175
           175           183           173
           165           174           175
           175           174           187
           187           192           175
           192           183           175
           224           239           228
           228           239           241
           228           213           224
           228           217           213
           199           217           205
           209           205           220
           220           205           217
           223           209           220
           220           233           223
            84            81            91
            81            90            91
            62            72            74
            74            72            79
            69            62            74
           217           228           229
           229           220           217
           233           220           229
           241           233           229
           229           228           241
            98            91            90
            98            90            95
           104           112           103
            95           104           103
           103            98            95
