           131           155           138           252           253           254
           241           248           249           255           256           257
            90            71            51           258           259           260
            90           103            71           261           262           258
           242           248           241           263           255           264
            51            71            25           259           265           266
            25            19            51           267           268           266
             2            19            25           269           267           270
             9            19             2           271           269           272
            33            63            51           273           274           275
            51            19            33           268           276           275
            18            10             1           277           278           279
             1            24            18           280           281           279
             8            15             5           282           283           284
            16            15             8           285           282           286
            16            18            30           287           288           289
             8            10            16           290           291           286
            10            18            16           277           287           291
            30            61            48           292           293           294
            40            24            72           295           296           297
            40            18            24           298           281           295
            40            61            30           299           292           300
            30            18            40           288           298           300
           105            96            72           301           302           303
           131           138           119           254           304           305
           119           105           131           306           307           305
            96           105           119           301           306           308
           241           249           238           257           309           310
           226           224           238           311           312           313
           248           242           246           263           314           315
            63            62            76           316           317           318
            76            85            63           319           320           318
            63            85            82           320           321           322
            51            63            82           274           322           323
            82            90            51           324           260           323
           102            90            82           325           324           326
             7            14             6           327           328           329
            37            62            63           330           316           331
            63            33            37           273           332           331
             4             5            11           333           334           335
            11             5            15           334           283           336
            28            14            23           337           338           339
            15            16            27           285           340           341
            27            16            30           340           289           342
            30            48            27           294           343           342
            72            96            79           302           344           345
            79            40            72           346           297           345
            61            40            79           299           346           347
            79            84            61           348           349           347
           126           119           138           350           304           351
           231           238           224           352           312           353
           224           218           231           354           355           353
           241           238           231           310           352           356
           156           138           155           357           253           358
           236           243           247           359           360           361
           144           139           153           362           363           364
           144           128           139           365           366           362
           144           151           127           367           368           369
           127           128           144           370           365           369
           113            90           102           371           325           372
           103            90           113           261           371           373
           127           103           113           374           373           375
           113           128           127           376           370           375
           117           113           102           377           372           378
           128           113           117           376           377           379
            85            76            88           319           380           381
            88            87            91           382           383           384
            19             9            17           271           385           386
             9             6            17           387           388           385
            17             6            14           388           328           389
            17            33            19           390           276           386
            17            14            28           389           337           391
            28            37            17           392           393           391
            17            37            33           393           332           390
            22            11            15           394           336           395
            13             3             4           396           397           398
             4            11            13           335           399           398
            96           119           112           308           400           401
           119           126           112           350           402           400
           122           110           112           403           404           405
           112           126           122           402           406           405
            89            84            99           407           408           409
            99           101            89           410           411           409
           214           224           226           412           311           413
           185           205           228           414           415           416
           166           205           185           417           414           418
           166           144           153           419           364           420
           185           151           166           421           422           418
           151           144           166           367           419           422
           154           156           169           423           424           425
           191           215           223           426           427           428
           235           215           230           429           430           431
           235           230           250           431           432           433
           250           243           235           434           435           433
           223           215           235           427           429           436
           235           236           223           437           438           436
           243           236           235           359           437           435
           169           156           177           424           439           440
           177           191           169           441           442           440
           215           191           177           426           441           443
           177           156           155           439           358           444
           240           236           247           445           361           446
           229           236           240           447           445           448
           247           246           240           449           450           446
           240           232           229           451           452           448
           240           246           242           450           314           453
           242           232           240           454           451           453
           223           236           221           438           455           456
           221           236           229           455           447           457
           233           242           241           458           264           459
           233           232           242           460           454           458
           102            82            95           326           461           462
            95            82            85           461           321           463
            85            88            94           381           464           465
            94            95            85           466           463           465
           106            95            94           467           466           468
            94           104           106           469           470           468
            11            22            20           394           471           472
            20            13            11           473           399           472
            28            23            38           339           474           475
            98            99            84           476           408           477
            96           112            98           401           478           479
            98           112           110           478           404           480
           110            99            98           481           476           480
            98            79            96           482           344           479
            84            79            98           348           482           477
            77            83            86           483           484           485
            67            83            77           486           483           487
            89            83            73           488           489           490
            73            83            67           489           486           491
            61            84            73           349           492           493
            73            84            89           492           407           490
            73            48            61           494           293           493
            73            67            48           491           495           494
           199           214           192           496           497           498
           192           182           199           499           500           498
           180           167           176           501           502           503
           176           186           180           504           505           503
           180           186           206           505           506           507
           153           139           146           363           508           509
           146           158           153           510           511           509
           138           156           141           357           512           513
           156           154           141           423           514           512
           141           126           138           515           351           513
           126           141           134           515           516           517
           122           126           134           406           517           518
           134           125           122           519           520           518
           169           191           174           442           521           522
           187           177           155           523           444           524
           230           215           187           430           525           526
           215           177           187           443           523           525
           213           221           229           527           457           528
           181           174           198           529           530           531
           198           174           191           530           521           532
           198           191           223           532           428           533
           223           221           198           456           534           533
           241           231           227           356           535           536
           227           233           241           537           459           536
           227           231           218           535           355           538
           218           216           227           539           540           538
           232           233           222           460           541           542
           106           104           111           470           543           544
           111           114           106           545           546           544
           118           114           111           547           545           548
           109           117           102           549           378           550
           102            95           109           462           551           550
           109            95           106           551           467           552
           106           114           109           546           553           552
           176           167           165           502           554           555
           167           163           165           556           557           554
           104            94            97           469           558           559
            97            88            91           560           384           561
            97            94            88           558           464           560
            13            20            26           473           562           563
            26            21            13           564           565           563
            26            20            32           562           566           567
            12            23            14           568           338           569
            12            21            23           570           571           568
            12            14             7           569           327           572
            12             7             3           572           573           574
             3            13            12           396           575           574
            13            21            12           565           570           575
            28            38            47           475           576           577
            47            37            28           578           392           577
            62            37            47           330           578           579
            47            68            62           580           581           579
            47            38            57           576           582           583
            57            68            47           584           580           583
            23            21            35           571           585           586
            35            38            23           587           474           586
            75            68            57           588           584           589
            78            88            76           590           380           591
            87            88            78           382           590           592
            78            76            62           591           317           593
            62            68            78           581           594           593
            86            83            92           484           595           596
           108            99           110           597           481           598
           101            99           108           410           597           599
            80            77            86           600           485           601
            31            20            22           602           471           603
            32            20            31           566           602           604
            48            67            45           495           605           606
            45            27            48           607           343           606
            15            27            29           341           608           609
            29            22            15           610           395           609
            27            45            29           607           611           608
            29            45            42           611           612           613
            43            56            41           614           615           616
            32            31            41           604           617           618
            41            31            43           617           619           616
           209           218           224           620           354           621
           224           214           209           412           622           621
           214           199           209           496           623           622
           196           209           194           624           625           626
           194           209           199           625           623           627
           211           186           192           628           629           630
           206           186           211           506           628           631
           192           214           211           497           632           630
           211           214           226           632           413           633
           234           228           205           634           415           635
           205           219           234           636           637           635
           234           244           251           638           639           640
           251           228           234           641           634           640
           226           238           239           313           642           643
           239           238           249           642           309           644
           249           245           239           645           646           644
           225           219           206           647           648           649
           225           211           226           650           633           651
           206           211           225           631           650           649
           226           239           225           643           652           651
           167           180           170           501           653           654
           136           146           139           655           508           656
           125           134           135           519           657           658
           160           154           169           659           425           660
           169           174           160           522           661           660
           160           174           162           661           662           663
           168           174           181           664           529           665
           162           174           168           662           664           666
           221           213           202           527           667           668
           202           198           221           669           534           668
           181           198           202           531           669           670
           233           227           220           537           671           672
           220           222           233           673           541           672
           220           212           222           674           675           673
           220           227           216           671           540           676
           120           109           114           677           553           678
           120           123           129           679           680           681
           117           109           120           549           677           682
           120           114           118           678           547           683
           118           123           120           684           679           683
           176           165           173           555           685           686
           173           186           176           687           504           686
           158           146           148           510           688           689
           146           136           148           655           690           688
           129           123           132           680           691           692
           137           136           132           693           694           695
           132           136           129           694           696           692
            21            26            34           564           697           698
            34            35            21           699           585           698
            57            38            49           582           700           701
            38            35            49           587           702           700
            54            41            56           703           615           704
            68            75            81           588           705           706
            81            78            68           707           594           706
            87            78            81           592           707           708
           100            92            93           709           710           711
            89           101            93           411           712           713
           101           100            93           714           711           712
            93            83            89           715           488           713
            93            92            83           710           595           715
           115           108           116           716           717           718
           122           125           116           520           719           720
           116           110           122           721           403           720
           116           108           110           717           598           721
           107           100           101           722           714           723
           101           108           107           599           724           723
           107           108           115           724           716           725
            77            80            66           600           726           727
            42            45            66           612           728           729
            67            77            66           487           727           730
            66            45            67           728           605           730
            58            56            43           731           614           732
            43            50            58           733           734           732
            58            50            64           734           735           736
            43            31            36           619           737           738
            36            50            43           739           733           738
            36            31            22           737           603           740
            42            50            36           741           739           742
            22            29            36           610           743           740
            36            29            42           743           613           742
           188           199           182           744           500           745
           188           194           199           746           627           744
           237           234           219           747           637           748
           219           225           237           647           749           748
           237           225           239           749           652           750
           244           234           237           638           747           751
           237           245           244           752           753           751
           237           239           245           750           646           752
           190           170           180           754           653           755
           206           219           190           648           756           757
           190           180           206           755           507           757
           190           219           205           756           636           758
           153           158           171           511           759           760
           158           170           171           761           762           759
           170           190           171           754           763           762
           171           166           153           764           420           760
           205           166           171           417           764           765
           171           190           205           763           758           765
           124           125           133           766           767           768
           125           135           133           658           769           767
           133           135           140           769           770           771
           150           160           162           772           663           773
           200           203           216           774           775           776
           232           222           217           542           777           778
           229           232           217           452           778           779
           217           213           229           780           528           779
           197           212           201           781           782           783
           216           203           210           775           784           785
           210           220           216           786           676           785
           210           203           201           784           787           788
           201           212           210           782           789           788
           212           220           210           674           786           789
           117           120           130           682           790           791
           130           120           129           790           681           792
           139           128           130           366           793           794
           128           117           130           379           791           793
           130           136           139           795           656           794
           129           136           130           696           795           792
           178           182           192           796           499           797
           192           186           178           629           798           797
           186           173           178           687           799           798
           158           148           159           689           800           801
           167           170           159           654           802           803
           159           170           158           802           761           801
           159           163           167           804           556           803
           159           157           163           805           806           804
           157           159           149           805           807           808
           149           159           148           807           800           809
            39            26            32           810           567           811
            39            34            26           812           697           810
            32            41            39           618           813           811
            35            34            46           699           814           815
            46            49            35           816           702           815
            69            75            57           817           589           818
           115           116           121           718           819           820
           121           125           124           821           766           822
           121           116           125           819           719           821
           152           150           162           823           773           824
           140           135           143           770           825           826
           154           160           145           659           827           828
           160           150           145           772           829           827
           150           143           145           830           831           829
           145           141           154           832           514           828
           145           134           141           833           516           832
           145           135           134           834           657           833
           145           143           135           831           825           834
           207           216           218           835           539           836
           207           200           216           837           776           835
           196           200           207           838           837           839
           207           209           196           840           624           839
           218           209           207           620           840           836
           213           217           204           780           841           842
           189           184           204           843           844           845
           181           202           183           670           846           847
           142           149           148           848           809           849
           142           136           137           850           693           851
           142           148           136           849           690           850
            41            54            52           703           852           853
            52            39            41           854           813           853
            34            39            44           812           855           856
            44            46            34           857           814           856
            74            66            80           858           726           859
            42            66            60           729           860           861
            60            50            42           862           741           861
            66            74            60           858           863           860
            60            74            70           863           864           865
            64            50            60           735           862           866
            60            70            64           865           867           866
           161           152           162           868           824           869
           162           168           161           666           870           869
           161           168           164           870           871           872
           150           152           147           823           873           874
           147           143           150           875           830           874
           140           143           147           826           875           876
           208           204           217           877           841           878
           222           212           208           675           879           880
           208           217           222           878           777           880
           212           197           208           781           881           879
           175           172           164           882           883           884
           175           168           181           885           665           886
           164           168           175           871           885           884
           181           183           175           847           887           886
           175           183           172           887           888           882
           193           204           184           889           844           890
           213           204           193           842           889           891
           193           202           213           892           667           891
           193           183           202           893           846           892
           172           183           179           888           894           895
           179           193           184           896           890           897
           183           193           179           893           896           894
            39            52            53           854           898           899
            53            44            39           900           855           899
           189           204           195           845           901           902
           204           208           195           877           903           901
           195           208           197           903           881           904
            57            49            65           701           905           906
            65            69            57           907           818           906
            46            44            55           857           908           909
            44            53            55           900           910           908
            46            55            59           909           911           912
            49            46            59           816           912           913
            59            65            49           914           905           913
