       -1.000000       -1.000000
       -1.000000        1.000000
       -1.000000        0.095720
       -1.000000       -0.076140
       -1.000000       -0.263305
       -1.000000        0.478851
       -1.000000        0.278749
       -1.000000       -0.459653
       -1.000000        0.705502
       -1.000000       -0.698942
       -0.829506       -0.158272
       -0.822002        0.185188
       -0.815865        0.018776
       -0.806703        0.361545
       -0.800049       -0.339022
       -0.794909       -0.533292
       -0.768891        0.544548
       -0.767938       -0.765498
       -0.750856        0.772462
       -0.714987       -0.080517
       -0.701823        0.130438
       -0.700773       -0.213679
       -0.687094        0.261053
       -0.677254       -1.000000
       -0.672758        1.000000
       -0.672108        0.027455
       -0.653654       -0.444520
       -0.653163        0.393905
       -0.643635       -0.320821
       -0.625784       -0.614795
       -0.616200       -0.131581
       -0.611574       -0.042223
       -0.601976        0.638566
       -0.601312        0.096621
       -0.600329        0.192139
       -0.587987       -0.220021
       -0.579346        0.495859
       -0.572200        0.289892
       -0.562608        0.014974
       -0.545610       -0.798877
       -0.545552       -0.068925
       -0.538056       -0.298049
       -0.536446       -0.144701
       -0.535853        0.081598
       -0.534330       -0.387248
       -0.532372        0.153657
       -0.526228        0.373747
       -0.525281       -0.503329
       -0.512080        0.225443
       -0.509940       -0.214720
       -0.503659        0.785306
       -0.499933       -0.008200
       -0.497945        0.045290
       -0.496703       -0.057325
       -0.488167        0.108132
       -0.488019       -0.108802
       -0.476527        0.293999
       -0.473264       -0.161312
       -0.472405        0.163808
       -0.472054       -0.278832
       -0.469688       -0.633739
       -0.468205        0.453084
       -0.459314        0.591023
       -0.452673       -0.212337
       -0.452368        0.212985
       -0.449331       -0.343258
       -0.443187       -0.430913
       -0.434647        0.358741
       -0.429260        0.256391
       -0.428041       -0.258420
       -0.424046        1.000000
       -0.413127       -1.000000
       -0.405725       -0.520975
       -0.400604       -0.299193
       -0.400545        0.299272
       -0.391471        0.492523
       -0.387439       -0.384479
       -0.380377        0.407983
       -0.378871       -0.775750
       -0.369320       -0.337050
       -0.365614        0.341067
       -0.356281        0.675146
       -0.350692       -0.444918
       -0.342604       -0.626329
       -0.331452        0.554194
       -0.326275       -0.378873
       -0.325138        0.379849
       -0.316675        0.455725
       -0.310511       -0.528166
       -0.308807        0.821018
       -0.285037        0.410797
       -0.283970       -0.411535
       -0.283093       -0.463776
       -0.257147        0.499362
       -0.247568        0.596458
       -0.242191       -0.830221
       -0.242114        0.437471
       -0.241828       -0.684139
       -0.233496       -0.578863
       -0.229025       -0.444463
       -0.224916       -0.503681
       -0.210108        0.703177
       -0.201281        1.000000
       -0.193329        0.461112
       -0.190608       -1.000000
       -0.190166        0.526525
       -0.173228       -0.469033
       -0.157444       -0.529300
       -0.147253        0.604869
       -0.144883       -0.606801
       -0.139352        0.480188
       -0.126958       -0.709401
       -0.126096        0.827889
       -0.118014        0.533157
       -0.115106       -0.486570
       -0.083645       -0.546557
       -0.081931        0.681925
       -0.077242        0.493998
       -0.075787       -0.835829
       -0.058805        0.571859
       -0.058026       -0.496622
       -0.048985       -0.620721
       -0.024779        0.499386
       -0.007340       -0.499946
       -0.005519       -0.552083
       -0.000870       -0.713909
        0.005963        1.000000
        0.008469        0.784440
        0.010735        0.552648
        0.011139        0.638108
        0.017848       -1.000000
        0.035081        0.498768
        0.044550       -0.498011
        0.051220       -0.615630
        0.072954       -0.548381
        0.081737        0.562961
        0.086584        0.492446
        0.088395       -0.834105
        0.098498        0.677940
        0.101469       -0.489596
        0.115738       -0.695741
        0.134996        0.481431
        0.138375       -0.525554
        0.141363        0.825778
        0.153042       -0.591837
        0.155457        0.593942
        0.162705       -0.472786
        0.182396        0.523357
        0.189046        0.462884
        0.205148       -0.517401
        0.211542        1.000000
        0.216835       -0.450536
        0.219062        0.695549
        0.221337       -0.665840
        0.226624       -1.000000
        0.230924       -0.801308
        0.235311        0.441167
        0.253609        0.586836
        0.256047        0.497876
        0.261686       -0.569952
        0.267058       -0.422705
        0.274020       -0.489721
        0.277072        0.416211
        0.312910       -0.389984
        0.319299        0.384771
        0.321396        0.817668
        0.321425        0.457751
        0.329084       -0.456885
        0.334038       -0.662208
        0.341697        0.544509
        0.356808        0.669904
        0.360543       -0.346423
        0.362094        0.344801
        0.364946       -0.542654
        0.367767       -0.399796
        0.374554        0.404637
        0.377040       -0.809506
        0.394629        0.307031
        0.397608       -0.303163
        0.412355        0.476936
        0.415147       -0.455599
        0.424754        0.263788
        0.425139       -0.363623
        0.428704       -0.257319
        0.432742        1.000000
        0.443429        0.381129
        0.443791       -1.000000
        0.449333        0.219316
        0.452953       -0.211738
        0.459495        0.595296
        0.461294       -0.643940
        0.468274        0.308465
        0.468502       -0.308674
        0.469684        0.171454
        0.471570       -0.166198
        0.484731        0.122619
        0.486349       -0.116036
        0.492593       -0.519236
        0.493623        0.238638
        0.496469        0.059319
        0.496513       -0.058950
        0.498645       -0.403135
        0.499970        0.005514
        0.504333       -0.245270
        0.513827        0.776106
        0.515365        0.473145
        0.531433        0.102850
        0.532591       -0.175467
        0.538909        0.178530
        0.541320       -0.029659
        0.543655        0.364597
        0.544482       -0.103216
        0.556340       -0.327668
        0.557186        0.270895
        0.561379       -0.787609
        0.566614        0.035713
        0.597418       -0.240137
        0.599985        0.113650
        0.605391        0.606770
        0.608799       -0.046914
        0.610920       -0.451008
        0.619184       -0.139603
        0.624921       -0.602664
        0.637459        0.206986
        0.648465        0.445559
        0.666111        0.311901
        0.666636        0.030516
        0.677515        1.000000
        0.678993       -0.344673
        0.695078       -1.000000
        0.706231        0.123534
        0.709519       -0.204495
        0.715621       -0.065635
        0.747806        0.768973
        0.777986       -0.746485
        0.785388       -0.505654
        0.790141        0.548974
        0.799859        0.211224
        0.811942        0.359905
        0.823056       -0.310453
        0.825249        0.050225
        0.835708       -0.122349
        1.000000       -0.674849
        1.000000        0.687555
        1.000000        0.429959
        1.000000       -0.207274
        1.000000       -0.428584
        1.000000        0.001051
        1.000000        0.205724
        1.000000       -1.000000
        1.000000        1.000000
        0.122236       -1.000000
        0.157510       -0.917053
        0.053122       -0.917053
        0.912624        0.025638
        1.000000        0.103387
        0.912624        0.127974
       -0.366426        0.910509
       -0.463853        0.892653
       -0.406233        0.803162
       -0.255044        0.910509
       -0.312663        1.000000
        0.917854       -0.060649
        0.830479       -0.036062
       -0.548402        1.000000
       -0.588208        0.892653
       -0.711807        0.886231
       -0.627258        0.778884
       -0.875428        0.886231
       -0.836379        1.000000
       -0.875428        0.738982
       -1.000000        0.852751
       -0.530645        0.614794
       -0.481486        0.688164
       -0.552817        0.711936
       -0.676416        0.705514
       -0.883969       -0.732220
       -1.000000       -0.849471
       -0.883969       -0.882749
       -0.838627       -1.000000
       -0.722596       -0.882749
       -0.900025       -0.399338
       -0.900025       -0.301164
       -1.000000       -0.361479
       -0.797479       -0.436157
       -0.897455       -0.496472
       -0.781424       -0.649395
       -0.696861       -0.690147
       -0.710346       -0.574043
       -1.000000       -0.579298
       -0.897455       -0.616117
       -0.547736       -0.624267
       -0.497485       -0.568534
       -0.575533       -0.559062
       -0.611432       -0.899439
       -0.545191       -1.000000
       -0.479369       -0.899439
       -0.656774       -0.782188
       -0.507649       -0.716308
       -0.585697       -0.706836
       -0.216399       -0.915110
       -0.327659       -0.915110
       -0.301868       -1.000000
        0.006304       -0.834967
       -0.028969       -0.917914
       -0.133198       -0.917914
       -0.086380       -1.000000
       -0.158989       -0.833025
        0.899930        0.208474
        0.812554        0.130724
        0.651785        0.259443
        0.718659        0.209105
        0.732985        0.261562
        0.917854       -0.164812
        1.000000       -0.103112
       -0.463759        0.522053
       -0.429838        0.472803
       -0.425393        0.541773
       -0.361461        0.523358
       -0.395383        0.572608
       -0.343867        0.614670
       -0.407798        0.633085
       -0.429970        0.730226
       -0.332544        0.748082
       -0.259458        0.762098
       -0.283195        0.689161
       -0.903351        0.320147
       -0.903351        0.420198
       -1.000000        0.378800
       -0.523775        0.474471
       -0.519330        0.543441
       -0.590661        0.567213
       -1.000000       -0.169723
       -0.914753       -0.210788
       -0.914753       -0.117206
       -0.814777       -0.248647
       -0.729933        0.377725
       -0.746898        0.311299
       -0.670129        0.327479
       -0.724282       -0.488906
       -0.726851       -0.391771
       -0.639719       -0.529658
       -0.589468       -0.473925
       -0.310531       -0.802986
       -0.395999       -0.887875
       -0.462241       -0.787314
       -0.424280       -0.704745
       -0.360738       -0.701040
       -0.406146       -0.630034
       -0.038328       -0.774869
        0.043763       -0.774007
        0.753045        0.167379
        0.671845        0.165260
        0.618722        0.160318
        0.653108        0.118592
        0.765740        0.086879
        0.159660       -0.817707
        0.228774       -0.900654
        0.892694       -0.590252
        1.000000       -0.551717
        0.892694       -0.467119
        0.119931        0.751859
        0.158780        0.686744
        0.180213        0.760663
        0.074916        0.805109
        0.053484        0.731190
        0.176453        0.912889
        0.108753        1.000000
        0.073663        0.912889
        0.007216        0.892220
       -0.217452        0.824453
       -0.168102        0.765533
       -0.163689        0.913944
       -0.097659        1.000000
       -0.060067        0.913944
       -0.058814        0.806164
       -0.104014        0.754907
       -0.146020        0.692551
       -0.036731        0.733183
       -0.354073        0.474124
       -0.324064        0.504960
       -0.320906        0.417787
       -0.305087        0.395323
       -0.300856        0.433261
       -0.884446        0.625025
       -0.759873        0.658505
       -1.000000        0.592176
       -0.884446        0.511699
       -0.787797        0.453047
       -0.685434        0.591557
       -0.711027        0.469226
       -0.616255        0.444882
       -0.674119        0.520204
       -0.765139       -0.185976
       -0.750411       -0.276351
       -0.907933        0.057248
       -1.000000        0.009790
       -0.907933       -0.028682
       -0.822685       -0.069748
       -0.101372       -0.772615
       -0.184574       -0.769811
       -0.063914       -0.711655
       -0.096934       -0.613761
       -0.135921       -0.658101
       -0.087971       -0.665061
       -0.024928       -0.667315
       -0.326558       -0.577248
       -0.288050       -0.602596
       -0.272004       -0.553515
       -0.229206       -0.541272
       -0.267713       -0.515923
        0.597322        0.238941
        0.611649        0.291398
        0.473285        0.888053
        0.595671        0.888053
        0.555129        1.000000
        0.417612        0.796887
        0.377069        0.908834
        0.231380        0.821723
        0.270229        0.756609
        0.322142        1.000000
        0.266469        0.908834
        0.226131       -0.733574
        0.282481       -0.731758
        0.277687       -0.664024
        0.511336       -0.715774
        0.593150       -0.695137
        0.543107       -0.623302
        0.669682       -0.767047
        0.628228       -0.893805
        0.736532       -0.873242
        0.847539       -1.000000
        0.888993       -0.873242
        1.000000       -0.837425
        0.888993       -0.710667
        0.701453       -0.674574
        0.781687       -0.626070
        0.705154       -0.554159
        0.303982       -0.805407
        0.355539       -0.735857
        0.419167       -0.726723
        0.397666       -0.653074
        0.469209       -0.798558
        0.301832       -0.904753
        0.804222       -0.408054
        0.911528       -0.369518
        0.732190       -0.425164
        0.751024       -0.327563
        1.000000       -0.317929
        0.911528       -0.258864
        0.766288       -0.257474
        0.694256       -0.274584
        0.829382       -0.216401
        0.772614       -0.163422
        0.698154       -0.478331
        0.617920       -0.526836
        0.644956       -0.397841
        0.775664       -0.093992
        0.770435       -0.007705
        0.712570       -0.135065
       -0.301925        0.635802
       -0.228838        0.649818
       -0.289510        0.575326
       -0.286911        0.477544
       -0.294300        0.526778
       -0.252358        0.547910
       -0.218867        0.561492
       -0.223657        0.512944
       -0.225238        0.480237
       -0.191748        0.493819
       -0.707880       -0.147098
       -0.772247       -0.119395
       -0.765426       -0.030871
       -0.629647        0.275473
       -0.612682        0.341898
       -0.237662       -0.631501
       -0.292216       -0.655234
       -0.184393       -0.696770
       -0.242009       -0.757180
       -0.193356       -0.645470
       -0.189190       -0.592832
       -0.310350       -0.729945
       -0.369065       -0.414698
       -0.338483       -0.411895
       -0.356857       -0.381676
       -0.396940       -0.437916
       -0.415313       -0.407696
       -0.330601       -0.486542
       -0.378209       -0.482946
       -0.358118       -0.524571
       -0.424456       -0.475944
       -0.374165       -0.573652
       -0.437707       -0.577357
       -0.465503       -0.512152
       -0.484234       -0.467121
        0.525404        0.254767
        0.512730        0.289680
        0.480949        0.273552
        0.446514        0.286127
        0.459189        0.251213
        0.366890        0.467344
        0.347990        0.431194
        0.393455        0.440787
        0.408992        0.392883
        0.427892        0.429033
        0.479397        0.427137
        0.463860        0.475040
        0.126978        0.635941
        0.187260        0.644745
        0.204533        0.590389
        0.236335        0.641193
        0.173331       -0.748525
        0.102067       -0.764923
        0.168538       -0.680791
        0.057434       -0.704825
        0.083479       -0.655686
        0.025175       -0.664770
        0.001118       -0.618175
        0.022851       -0.583857
       -0.027252       -0.586402
        0.413120       -0.593297
        0.349492       -0.602431
        0.410415       -0.904753
        0.335207       -1.000000
        0.502585       -0.893805
        0.569434       -1.000000
        0.583630       -0.389338
        0.617666       -0.336171
        0.390046       -0.499126
        0.428770       -0.530945
        0.453870       -0.487418
        0.476943       -0.581588
        0.558757       -0.560950
        0.551756       -0.485122
        0.686434        0.077025
        0.745942        0.040371
        0.691129       -0.017559
        0.633311        0.072083
        0.583299        0.074681
        0.616625        0.033115
        0.667402       -0.102619
        0.664351       -0.172049
       -0.166341        0.470650
       -0.164759        0.503356
       -0.128683        0.506672
       -0.154090        0.529841
       -0.097628        0.513578
       -0.108297        0.487093
       -0.114592        0.643397
       -0.178680        0.654023
       -0.197410        0.600664
       -0.168710        0.565697
       -0.132633        0.569013
        0.320362        0.421261
        0.346927        0.394704
        0.299249        0.436981
        0.298185        0.400491
       -0.249631        0.468417
       -0.217722        0.449292
       -0.279394        0.446598
       -0.263575        0.424134
       -0.693547       -0.026531
       -0.743987        0.023116
       -0.686966        0.078947
       -0.758844        0.074607
       -0.663280       -0.061370
       -0.641841       -0.007384
       -0.754548        0.223121
       -0.814353        0.273367
       -0.761912        0.157813
       -0.694458        0.195745
       -0.911001        0.231969
       -1.000000        0.187235
       -0.911001        0.140454
       -0.818933        0.101982
       -0.549214        0.331819
       -0.589696        0.383826
       -0.552787        0.434803
       -0.497217        0.413415
       -0.480438        0.366244
       -0.451426        0.405913
       -0.524363        0.291945
       -0.501378        0.333873
       -0.455587        0.326370
       -0.651076        0.161289
       -0.643711        0.226596
       -0.586264        0.241015
       -0.417596        0.329006
       -0.438536        0.296636
       -0.348526        0.431854
       -0.385924        0.450253
       -0.352758        0.393916
       -0.424291        0.430534
       -0.407512        0.383362
       -0.317331       -0.428226
       -0.305122       -0.395204
       -0.195470       -0.554082
       -0.151164       -0.568051
       -0.191180       -0.516490
       -0.378379       -0.360765
       -0.347797       -0.357962
       -0.665593       -0.106049
       -0.658486       -0.172630
       -0.613887       -0.086902
       -0.488758       -0.409080
       -0.529805       -0.445288
       -0.593992       -0.415884
       -0.648644       -0.382671
       -0.721842       -0.329921
       -0.672204       -0.267250
       -0.588982       -0.354035
       -0.536193       -0.342649
       -0.590845       -0.309435
       -0.512232       -0.126751
       -0.516786       -0.088863
       -0.540999       -0.106813
       -0.580876       -0.100253
       -0.578563       -0.055574
       -0.576323       -0.138141
        0.569447        0.146090
        0.588184        0.192758
        0.548048        0.224712
        0.516266        0.208584
        0.511820        0.150575
        0.504296        0.174992
        0.477208        0.147037
        0.481653        0.205046
        0.493542        0.372863
        0.455852        0.344797
        0.505965        0.336531
        0.529510        0.418871
        0.550420        0.317746
        0.604883        0.338249
        0.712660        0.884486
        0.630817        0.772539
        0.559609        0.691438
        0.676598        0.687871
        0.873903        0.728264
        1.000000        0.843778
        0.873903        0.884486
        0.838758        1.000000
        0.805901        0.285565
        0.739027        0.335903
        0.905971        0.282814
        1.000000        0.317842
        0.905971        0.394932
        0.626928        0.526165
        0.560378        0.539957
        0.581915        0.459352
        0.596060        0.405078
        0.657288        0.378730
        0.730204        0.402732
        0.377026        0.510722
        0.331561        0.501130
        0.118597        0.578452
        0.090118        0.620451
        0.062087       -0.582005
        0.033718       -0.550232
        0.241511       -0.617896
        0.297862       -0.616080
        0.313316       -0.556303
        0.319483       -0.516188
        0.267853       -0.529837
        0.347015       -0.499769
        0.372115       -0.456242
        0.301552       -0.473303
        0.527492       -0.365402
        0.554782       -0.427072
        0.495619       -0.461186
        0.456896       -0.429367
        0.637717       -0.008199
        0.662210       -0.056274
        0.613992       -0.093258
        0.576641       -0.075065
        0.581833       -0.121410
        0.587706       -0.005600
       -0.103029        0.588364
       -0.088410        0.552508
       -0.041792        0.535623
       -0.007022        0.526017
       -0.024035        0.562253
       -0.070368        0.626892
       -0.068024        0.532929
       -0.051011        0.496692
        0.340697        0.364786
        0.368324        0.374719
        0.402761        0.362965
        0.168927        0.558650
        0.218002        0.555096
        0.132067        0.543159
        0.005151        0.499077
        0.022908        0.525708
        0.084160        0.527703
        0.058409        0.530865
        0.060832        0.495607
        0.046236        0.557805
       -0.636710        0.062038
       -0.651567        0.113530
       -0.600820        0.144380
       -0.542140        0.257667
       -0.494304        0.259721
       -0.556204        0.208791
       -0.521127       -0.063125
       -0.492361       -0.083063
       -0.383080        0.320170
       -0.400131        0.349904
       -0.372996        0.374525
       -0.345376        0.360458
       -0.256497       -0.427999
       -0.283531       -0.437655
       -0.256059       -0.454120
       -0.254004       -0.483729
       -0.296802       -0.495971
       -0.226971       -0.474072
       -0.316893       -0.454347
       -0.136275       -0.507935
       -0.120545       -0.537929
       -0.099376       -0.516563
       -0.044582       -0.549320
       -0.066315       -0.583639
       -0.114264       -0.576679
       -0.201126       -0.456748
       -0.199072       -0.486357
       -0.165336       -0.499166
       -0.144167       -0.477801
       -0.409326       -0.340154
       -0.418385       -0.363869
       -0.491830       -0.365253
       -0.493694       -0.320654
       -0.446259       -0.387085
       -0.480642       -0.135057
       -0.504855       -0.153006
       -0.523193       -0.179711
       -0.491602       -0.188016
       -0.481306       -0.213529
       -0.462969       -0.186825
       -0.602094       -0.175801
       -0.562217       -0.182361
       -0.548963       -0.217370
       -0.644380       -0.216850
       -0.523998       -0.256385
       -0.563022       -0.259035
       -0.615811       -0.270421
        0.471478        0.228977
        0.437044        0.241552
        0.459508        0.195385
        0.768973        0.658973
        0.697766        0.577872
        0.719303        0.497266
        0.801041        0.454440
        0.895070        0.618264
        0.895070        0.489466
        1.000000        0.558757
        0.400596        0.569902
        0.435925        0.536116
        0.532443        0.601033
        0.487430        0.534220
        0.486661        0.685701
        0.305208        0.628370
        0.287935        0.682727
        0.297653        0.565673
        0.349252        0.607206
        0.408152        0.632600
        0.339102        0.743786
        0.435318        0.723005
       -0.006429       -0.526015
        0.019515       -0.525047
        0.018605       -0.498978
        0.058752       -0.523196
        0.087211       -0.518988
        0.073010       -0.493803
        0.233417       -0.543677
        0.239584       -0.503561
        0.498220        0.032417
        0.533292        0.020614
        0.531542        0.047516
        0.608301       -0.189870
        0.653469       -0.222316
        0.638205       -0.292405
        0.576879       -0.283903
        0.515416       -0.109626
        0.520498       -0.081083
        0.491431       -0.087493
        0.520645       -0.012073
        0.553967        0.003027
        0.575060       -0.038287
        0.498242       -0.026718
        0.518917       -0.044305
        0.542901       -0.066437
       -0.023833        0.604984
       -0.035396        0.660017
        0.010937        0.595378
        0.009804        0.711274
        0.054818        0.658024
        0.046438        0.600534
        0.409691        0.285409
        0.431451        0.307748
        0.419029        0.344080
        0.378362        0.325916
        0.219222        0.510617
        0.254828        0.542356
        0.298872        0.521192
        0.288736        0.477814
        0.266560        0.457043
        0.245679        0.469521
        0.256192        0.428689
        0.222547        0.480380
        0.212178        0.452025
        0.185721        0.493120
       -0.617358        0.021215
       -0.587091       -0.013624
       -0.581960        0.055798
       -0.554080       -0.026975
       -0.566842        0.125139
       -0.566350        0.172898
       -0.522226        0.189550
       -0.414902        0.277832
       -0.452893        0.275195
       -0.070835       -0.521589
       -0.086566       -0.491596
       -0.031773       -0.524353
       -0.032683       -0.498284
        0.210992       -0.483969
        0.245427       -0.470129
        0.105664       -0.536968
        0.119922       -0.507575
        0.207364       -0.580894
        0.187190       -0.628838
        0.179095       -0.554619
        0.171762       -0.521478
        0.145709       -0.558696
        0.134390       -0.643789
        0.102131       -0.603733
        0.112998       -0.570109
        0.549024        0.069281
        0.565709        0.108250
        0.513951        0.081085
        0.490600        0.090969
        0.508082        0.112735
        0.535171        0.140690
        0.550876       -0.242703
        0.530336       -0.286469
        0.440828       -0.234529
        0.466519       -0.251294
        0.478643       -0.228504
        0.461892       -0.383379
        0.420143       -0.409611
        0.162021        0.472158
        0.158696        0.502394
        0.108367        0.522196
        0.110790        0.486939
       -0.498318       -0.032763
       -0.522743       -0.038563
       -0.531270        0.003387
       -0.549230        0.048286
       -0.568582        0.089110
       -0.534112        0.117628
       -0.424968       -0.321226
       -0.384962       -0.318122
       -0.460692       -0.311045
       -0.505055       -0.288440
       -0.490997       -0.246776
       -0.436329       -0.289013
       -0.414323       -0.278806
       -0.450047       -0.268626
       -0.462363       -0.245585
       -0.440357       -0.235378
        0.241947       -0.436620
        0.270539       -0.456213
        0.298071       -0.439795
        0.320997       -0.423434
        0.289984       -0.406345
        0.189770       -0.461661
        0.183926       -0.495093
        0.150540       -0.499170
        0.132087       -0.481191
        0.518462       -0.210369
        0.565005       -0.207802
        0.538536       -0.139342
        0.575888       -0.157535
        0.509470       -0.145752
        0.364155       -0.373109
        0.336727       -0.368204
        0.340338       -0.394890
        0.348426       -0.428341
        0.391457       -0.427697
        0.396453       -0.381709
        0.392841       -0.355023
        0.486418       -0.276972
        0.448603       -0.282996
        0.512421       -0.318171
        0.483573       -0.355905
        0.446820       -0.336148
        0.411374       -0.333393
        0.379076       -0.324793
        0.433055       -0.305918
        0.413156       -0.280241
       -0.498939        0.018545
       -0.530277        0.030132
       -0.516899        0.063444
        0.487951       -0.205734
        0.462261       -0.188968
        0.502081       -0.170833
        0.478959       -0.141117
       -0.482224        0.219214
       -0.464448        0.253492
       -0.440814        0.234688
       -0.512010        0.094865
       -0.510269        0.130895
       -0.493056        0.076711
       -0.480286        0.135970
       -0.502389        0.158733
       -0.492243        0.194626
       -0.462387        0.188397
