           200           187           199
            71            58            72
            71            57            58
           219           218           233
           233           221           219
           219           221           206
           192           193           208
           190           189           202
           118           119           136
            19            30            29
            36            47            35
            35            19            36
            48            47            36
            19            29            36
            62            47            48
            62            63            47
            45            33            32
            46            33            45
            59            71            73
            46            45            59
            57            71            59
            59            45            57
           100            87           101
           206           221           223
           221           236           223
           223           236           224
           183           193           192
           173           172           157
           193           183           173
           173           183           172
           227           230           216
           190           202           214
           202           216           214
           214           216           230
           192           208           207
           118           136           146
           147           136           135
           135           136           119
           161           177           162
           162           146           161
           161           146           136
           161           136           147
           162           177           163
            44            29            30
            58            57            44
            44            30            58
            48            36            38
            38            36            29
            18            33            34
            34            33            46
            34            26            18
            46            43            34
            43            26            34
            87           100            84
            72            87            84
            84            71            72
            73            71            84
            73            84            85
           100            86            85
            85            84           100
           112            86           100
           144           130           131
           131           130           115
           143           144           157
           130           144           143
           235           221           233
           235           236           221
           233           247           235
           235           247           256
           200           199           211
           192           207           205
           224           236           222
           222           208           224
           222           207           208
           117           135           119
           105           135           117
           104           105           117
           186           163           177
           186           198           199
           185           198           186
           186           199           187
           187           163           186
            29            44            28
            21            38            28
            28            38            29
            28            15            21
            60            59            73
            60            43            46
            46            59            60
           111           112           126
            86           112           111
           114           115           130
           101           115           114
           114           100           101
           114           112           100
           236           235           249
           249           256           248
           249           235           256
           172           183           171
            90           104            89
             4             2             6
           256           247           254
           245           254           247
           253           254           245
           229           211           228
           229           213           212
           200           211           212
           212           211           229
           232           213           229
           233           218           232
           218           213           232
           232           247           233
           232           245           247
           217           209           203
           203           205           217
           191           205           203
           203           197           191
           209           197           203
           226           209           217
           207           222           220
           217           205           220
           220           205           207
           248           256           255
           255           246           248
           210           198           201
           210           228           211
           210           211           199
           199           198           210
           201           198           188
           188           198           185
           185           179           188
           178           186           177
           185           186           178
            31            28            44
            57            45            31
            31            44            57
            15            28            31
            32            15            31
            31            45            32
            80            85            86
           129           114           130
           129           142           126
           126           112           129
           112           114           129
           130           143           129
           143           142           129
           126           142           127
           116           113           127
           172           171           155
           155           170           154
           155           171           170
           156           142           143
           157           172           156
           156           143           157
           172           155           156
           182           171           183
           182           183           192
           192           205           182
           182           205           191
           174           176           184
           191           197           184
           170           171           181
           181           176           170
           181           182           191
           171           182           181
           191           184           181
           181           184           176
            48            38            20
            20            38            21
            91           105           104
           104            90            91
            17            33            18
             2             4             1
            11            20            21
            22            20            11
             5             4             6
            22            11             5
             5            11             4
            12             5             6
            51            52            66
           241           230           227
           229           228           242
           242           232           229
           245           232           242
           253           245           242
           174           184           175
           175           184           197
           194           197           209
           209           195           194
           194           175           197
           225           226           239
           196           195           209
           209           226           196
           196           226           225
           217           220           231
           246           239           231
           231           226           217
           231           239           226
           234           220           222
           234           222           236
           236           249           234
           234           249           248
           256           254           260
           260           255           256
           228           210           215
           215           214           230
           215           210           201
           215           201           190
           190           214           215
           177           161           164
           164           178           177
           164           161           147
           147           148           164
           165           178           164
           164           148           165
           102           113           116
           116           103           102
            82            97            83
            99            97           111
            99           127           113
            99           111           126
           126           127            99
            79            80            96
           111            97            96
            86           111            96
            96            80            86
            27            26            43
            69            80            79
           128           127           142
           116           127           128
            37            20            22
            22            39            37
            37            62            48
            48            20            37
            92            90            75
            92            91            90
            32            33            16
            33            17            16
             2             1             3
             7             1             4
             4            11             7
             7            11            21
            21            15             7
           147           135           137
           137           148           147
            52            51            42
             5            12            23
            23            39            22
            22             5            23
            66            52            53
            53            67            66
            65            51            66
            65            92            75
           243           241           253
           253           242           243
           243           242           228
           230           241           243
           243           215           230
           228           215           243
           204           231           220
           220           234           204
           204           234           248
           248           246           204
           246           231           204
           258           254           253
           258           260           254
           180           189           190
           180           169           189
           190           201           180
           201           188           180
           165           148           149
           113           102            88
           154           170           160
           160           145           154
           170           176           160
           176           158           160
            68            69            79
            98            99           113
            97            99            98
            83            97            98
            98            88            83
           113            88            98
            97            82            81
            81            96            97
            79            96            81
            80            69            61
            61            60            73
            73            85            61
            85            80            61
           141           128           142
           142           156           141
           141           156           155
           141           155           154
           154           128           141
           116           128           134
           145           132           134
           154           145           134
           134           128           154
           134           103           116
           134           132           103
            63            62            74
            89            63            74
            74            90            89
            75            90            74
            74            64            75
            40            37            39
            39            49            40
            40            49            64
            64            74            40
            62            37            40
            40            74            62
            24            14            25
            24            49            39
            39            23            24
            91            92           106
           105            91           106
             9            16            10
            10            16            17
             8            16             9
             9             3             8
             8             3             1
             8             7            15
             1             7             8
             8            15            32
            32            16             8
           123           122           110
           110           122           109
            13            23            12
            14            24            13
            13            24            23
            51            65            50
            64            49            50
            75            64            50
            50            65            75
           159           176           174
           159           158           176
           255           260           257
           253           241           244
           244           258           253
           169           180           168
           168           153           169
           168           180           188
           168           188           179
           152           153           168
           125           140           124
           121           122           138
           138           149           148
           148           137           138
           138           137           121
           167           151           152
           167           168           179
           152           168           167
           133           132           145
           145           160           133
           133           160           158
            55            69            56
            69            68            56
            70            81            82
            70            68            79
            79            81            70
            54            69            55
            54            61            69
            60            61            54
            43            60            54
            54            27            43
            55            27            54
            41            24            25
            49            24            41
            41            50            49
            25            42            41
            41            42            51
            51            50            41
           108           122           121
            95           109           108
           109           122           108
           105           106           120
           120           135           105
           120           137           135
           121           137           120
            95           108            94
            76           106            92
            76            65            66
            92            65            76
           260           258           261
           261           257           260
           251           239           246
           246           255           251
           255           257           251
           251           257           250
           250           237           251
           240           241           227
           240           244           241
           139           122           123
           139           138           122
           149           138           139
           139           124           149
           123           125           139
           125           124           139
           166           167           179
           166           178           165
           166           179           185
           185           178           166
           151           167           150
           140           151           150
           150           124           140
           167           166           150
           150           166           165
           165           149           150
           149           124           150
           121           120           107
           107           120           106
           107           108           121
           107            94           108
            95            94            78
            67            78            77
            77            78            94
            66            67            77
            77            76            66
           250           257           259
           257           261           259
           239           251           238
           238           251           237
           225           239           238
            94           107            93
            93            77            94
            76            77            93
           106            76            93
            93           107           106
           262           259           261
           262           261           258
           244           240           252
           258           244           252
           252           262           258
