        0.336633        0.429367
        0.339611        0.366966
        0.293585        0.404732
        0.395929        0.391200
        0.445285        0.340676
        0.379457        0.325596
        0.385161        0.480659
        0.293520        0.486595
        0.252105        0.431790
        0.209116        0.454170
        0.467339        0.434642
        0.414017        0.280339
        0.442410        0.232967
        0.464418        0.185247
        0.345964        0.568873
        0.223674        0.500238
        0.161130        0.473326
        0.114115        0.486804
        0.685407        1.000000
        0.577652        0.490119
        0.466649        0.551235
        0.532048        0.367970
        0.486549        0.281527
        0.513796        0.212988
        0.480600        0.137926
        0.054652        0.497004
       -0.001258        0.499998
        0.427731        0.676503
        0.547985        0.806442
        0.426161        1.000000
        0.288519        0.677354
        0.248701        0.570115
        0.164348        0.545107
        0.095972        0.534933
        1.000000        1.000000
        0.792850        0.765963
        0.656477        0.399610
        0.599450        0.639723
        0.579231        0.288042
        0.703160        0.285596
        0.536404        0.135306
        0.493058        0.083028
        0.026714        0.552708
        0.342896        0.823514
        0.179575        0.646885
        0.094104        0.603253
        1.000000        0.621085
        0.753569        0.552699
        0.594252        0.200085
        0.610663        0.103491
        0.548473        0.054202
        0.499404        0.024413
        0.499225       -0.027829
       -0.046067        0.555504
       -0.052755        0.497209
       -0.099847        0.489929
        0.191480        0.793466
        0.200798        1.000000
        0.080535        0.704557
        0.001872        0.627279
       -0.096141        0.628342
        0.830245        0.403222
        1.000000        0.341768
        0.691453        0.171583
        0.625504        0.014531
        0.553083       -0.025270
        0.493943       -0.077590
       -0.147943        0.477612
       -0.117552        0.544675
       -0.198557        0.458885
        0.049858        0.841505
       -0.008871        1.000000
       -0.044508        0.726619
        0.835944        0.202861
        0.727260        0.069988
        0.619130       -0.082210
        0.538956       -0.102260
        0.481663       -0.134167
       -0.185059        0.523883
       -0.187169        0.604045
       -0.243942        0.488621
       -0.251483        0.432153
       -0.293574        0.404740
       -0.129705        0.840014
       -0.181684        0.714253
       -0.292218        0.663059
       -0.216181        1.000000
       -0.340094        0.366519
        1.000000        0.102754
        0.851697        0.017018
        0.820786       -0.135855
        0.712954       -0.055733
        0.593929       -0.159571
        0.522538       -0.180524
        0.462496       -0.189993
       -0.266391        0.558913
       -0.309845        0.479290
       -0.344110        0.423486
       -0.401306        0.476495
       -0.315084        0.812669
       -0.427873        1.000000
       -0.377179        0.328232
       -0.410064        0.286089
        1.000000       -0.135795
        0.831218       -0.288752
        0.693548       -0.189068
        0.593501       -0.247433
        0.503050       -0.249387
        0.439171       -0.239015
        0.412866       -0.282031
       -0.362258        0.562698
       -0.425673        0.675705
       -0.403672        0.392623
       -0.522046        0.806807
       -0.682033        1.000000
       -0.444045        0.345575
        1.000000       -0.379386
        1.000000       -1.000000
        1.000000       -0.646277
        0.689867       -0.328350
        0.557143       -0.329756
        0.465420       -0.310648
        0.383463       -0.320868
        0.357992       -0.411505
        0.347286       -0.359712
       -0.485961        0.549851
       -0.489737        0.435172
       -0.533874        0.358579
       -0.603168        0.639866
       -0.762044        0.778180
       -1.000000        1.000000
       -0.438158        0.240868
       -0.462183        0.190753
       -0.479979        0.290525
        0.799674       -0.485098
        0.798688       -0.734736
        0.623573       -0.435492
        0.497023       -0.398041
        0.417498       -0.366622
        0.301051       -0.399210
       -0.635188        0.362397
       -0.613263        0.482466
       -0.785893        0.561567
       -1.000000        0.683775
       -0.501548        0.230239
        0.733625       -1.000000
        0.647464       -0.587044
        0.513398       -0.505283
        0.415926       -0.450756
        0.320241       -0.468872
        0.257219       -0.428764
        0.205069       -0.456012
        0.157267       -0.474623
       -0.568986        0.264142
       -0.683104        0.259380
       -0.774733        0.403462
       -1.000000        0.429597
       -0.479529        0.141603
       -0.490871        0.095107
       -0.529458        0.173633
        0.592057       -0.775397
        0.515455       -1.000000
        0.330157       -1.000000
        0.486148       -0.635964
        0.395892       -0.539965
        0.303506       -0.556136
        0.246970       -0.490759
        0.169543       -0.518826
        0.106492       -0.488528
       -0.604316        0.175551
       -0.712634        0.145553
       -0.829168        0.265761
       -1.000000        0.207906
       -0.497736        0.047531
       -0.499969       -0.005559
       -0.544960        0.104912
        0.409545       -0.797751
        0.349259       -0.661679
        0.221891       -0.564485
        0.095463       -0.541719
       -0.623661        0.082372
       -0.718736        0.016105
       -0.838110        0.099848
       -0.554216        0.032133
        0.237756       -0.660747
        0.248785       -0.802274
        0.168411       -1.000000
        0.143158       -0.598047
        0.049360       -0.497558
        0.023253       -0.554124
       -0.624280       -0.010841
       -0.836949       -0.061039
       -1.000000        0.000414
       -0.496062       -0.062626
       -0.487136       -0.112689
       -0.473956       -0.159265
       -0.546045       -0.040727
        0.132229       -0.698309
        0.095452       -0.823503
        0.008985       -1.000000
        0.052788       -0.617913
       -0.008088       -0.499935
       -0.602010       -0.088820
       -0.594996       -0.324626
       -0.697001       -0.107892
       -1.000000       -1.000000
       -0.807204       -0.195147
       -1.000000       -0.205600
       -0.536484       -0.119137
        0.010275       -0.705599
       -0.058118       -0.823716
       -0.149988       -1.000000
       -0.316831       -1.000000
       -0.040175       -0.545206
       -0.049306       -0.615410
       -0.069146       -0.495196
       -0.605122       -0.173533
       -0.499789       -1.000000
       -0.723324       -1.000000
       -0.682534       -0.242633
       -0.772104       -0.757906
       -0.830145       -0.341120
       -1.000000       -0.685266
       -1.000000       -0.433338
       -0.454348       -0.208729
       -0.518503       -0.186557
       -0.125316       -0.484041
       -0.110864       -0.699607
       -0.211902       -0.816272
       -0.105561       -0.546457
       -0.560471       -0.247267
       -0.370396       -0.797012
       -0.552688       -0.791602
       -0.693632       -0.381619
       -0.616655       -0.622829
       -0.795066       -0.536150
       -0.398787       -0.301611
       -0.426637       -0.260732
       -0.483699       -0.254465
       -0.179501       -0.466668
       -0.174332       -0.528873
       -0.229869       -0.685091
       -0.155495       -0.605757
       -0.231552       -0.496832
       -0.332465       -0.655413
       -0.497943       -0.321213
       -0.458171       -0.644412
       -0.541522       -0.409310
       -0.620704       -0.487140
       -0.365434       -0.341259
       -0.434082       -0.333638
       -0.233951       -0.441890
       -0.253144       -0.572023
       -0.360623       -0.550550
       -0.455925       -0.410234
       -0.485932       -0.520548
       -0.386089       -0.389749
       -0.295880       -0.488267
       -0.324429       -0.380455
       -0.393890       -0.472140
       -0.332288       -0.435408
       -0.277481       -0.415938
