           507           475           505           474
           219           215           177           181
           268           274           305           271
           268           238           274           237
           256           215           219           218
           305           274           309           273
           309           347           305           308
           311           347           309           307
           349           347           311           310
           342           304           305           303
           305           347           342           306
           556           524           510           509
           510           550           556           508
           526           569           531           530
           565           569           526           529
           565           556           596           555
           526           524           565           523
           524           556           565           522
           596           621           624           595
           590           550           572           549
           590           556           550           548
           590           621           596           589
           596           556           590           554
           547           585           572           546
           507           505           543           504
           543           547           507           506
           585           547           543           545
           219           177           176           180
           139           146           176           138
           215           256           252           217
           304           301           267           266
           267           263           304           265
           304           263           272           264
           305           304           272           270
           272           268           305           269
           232           268           272           235
           425           423           389           388
           341           301           304           300
           304           342           341           302
           491           531           525           490
           525           531           569           528
           383           423           419           386
           569           565           603           568
           603           565           596           567
           596           624           603           594
           572           585           606           571
           606           590           572           570
           621           590           606           588
           606           632           621           605
           542           543           505           503
           182           176           146           145
           146           167           182           144
           219           176           182           179
           473           505           475           472
           331           328           286           289
           164           149           125           124
           164           193           149           148
           164           161           203           163
           203           193           164           162
           231           268           232           230
           238           268           231           229
           203           238           231           202
           231           193           203           192
           196           231           232           195
           193           231           196           191
           263           267           228           227
           228           222           190           189
           347           349           387           346
           349           389           387           348
           387           389           423           385
           387           342           347           345
           387           423           383           384
           383           341           387           344
           387           341           342           343
           564           525           569           527
           489           459           491           458
           491           525           489           488
           585           543           581           544
           543           542           581           541
           580           612           581           579
           581           542           580           540
           651           632           639           631
           639           655           651           638
           104           146           139           103
           120            78            75            74
           121            78           120            77
           121           164           125           123
           120           161           121           119
           161           164           121           122
           470           473           437           436
           407           403           370           369
           367           403           402           366
           367           402           364           363
           364           328           367           327
           370           403           367           365
           367           331           370           330
           328           331           367           326
           437           473           441           435
           441           407           437           406
           403           407           441           405
           441           473           475           440
           290           331           286           288
           314           331           290           287
           286           252           290           255
           290           277           314           276
           290           252           256           254
           256           277           290           253
           370           331           352           329
           352           331           314           313
           241           256           219           216
           241           277           256           240
           232           272           236           234
           236           272           263           233
           263           228           225           224
           225           236           263           223
           201           236           225           200
           225           185           201           184
           525           564           521           520
           521           489           525           487
           383           419           382           381
           616           639           632           615
           585           581           616           584
           616           581           612           583
           612           639           616           614
           616           606           585           582
           632           606           616           604
           643           659           656           647
           648           659           643           646
           651           659           642           645
           642           659           648           644
           621           632           642           620
           642           632           651           630
           642           624           621           619
           642           648           624           628
            84           104            62            61
            62            44            84            43
            23             8            15             5
            15            49            23            18
            23            49            59            22
           125           149           107           106
           107            83           125            82
           505           473           502           471
           473           470           502           469
           502           542           505           501
           542           502           539           500
           580           542           539           538
           539           577           580           537
           437           407           428           400
           438           441           475           439
           402           403           438           401
           403           441           438           404
           317           352           314           312
           394           428           390           393
           390           428           407           392
           390           407           370           368
           370           352           390           351
           219           182           206           178
           206           241           219           205
           206           182           167           166
           167           170           206           165
           277           241           244           239
           201           185           160           159
           160           156           201           158
           118           156           160           117
           197           196           232           194
           232           236           197           199
           197           236           201           198
           201           156           197           157
            15             8             4             2
             8             9             4             1
           185           225           186           183
           186           228           190           188
           186           225           228           187
           489           521           486           485
           486           453           489           456
           486           521           482           484
           457           419           423           422
           457           453           419           421
           457           423           425           420
           457           425           459           424
           459           489           457           455
           489           453           457           454
           383           382           340           339
           340           341           383           338
           301           341           340           299
           340           298           301           297
           340           382           337           336
           337           298           340           296
           419           453           418           417
           418           382           419           380
           291           298           337           294
           262           228           267           226
           222           228           262           221
           262           267           301           261
           301           298           262           260
           656           659           662           658
           635           639           612           613
           655           639           635           637
           641           643           656           640
           517           521           564           519
           482           521           517           483
           624           648           629           627
           629           603           624           602
           569           603           598           566
           598           564           569           563
           603           629           598           601
           598           629           597           600
           516           478           481           477
           482           517           481           480
           481           517           516           479
           128           167           146           127
           146           104           128           102
           104            84           128            87
            91           128            88            86
            88           128            84            85
            94            49            62            48
            59            49            94            47
            62           104            94            60
            94           104           139            93
            54            75            78            33
            78            55            54            32
            54            96            51            50
            51            75            54            30
           139           176           143           137
           143           176           177           142
           177           140           143           141
           101            55            59            58
           101            94           139            92
            59            94           101            57
           139           143           101           100
             8            23            37             7
           110           107           149           105
           577           539           532           535
           463           470           437           434
           437           428           463           427
           463           428           429           426
           397           428           394           391
           429           428           397           396
           352           317           353           316
           353           390           352           350
           394           390           353           356
           241           206           209           204
           209           244           241           208
           209           212           244           207
           209           206           170           169
           155           197           156           154
           155           115           111           114
           196           197           155           153
           155           156           118           116
           118           115           155           113
            15             4            19             3
            19            49            15            17
            83           107            64            63
           107           110            64            69
           111           115            73            72
            70           110            73            68
            73           110           111            71
           453           486           452           451
           452           418           453           416
           337           382           379           335
           382           418           379           378
           442           481           478           445
           298           291           259           258
           259           262           298           257
           222           262           259           220
           661           662           660           663
           651           655           660           650
           655           661           660           654
           660           659           651           649
           660           662           659           657
           634           635           611           610
           580           577           611           576
           611           612           580           578
           611           635           612           609
           652           661           655           653
           655           635           652           636
           652           635           634           633
           643           641           623           622
           597           629           623           599
           648           643           623           626
           623           629           648           625
           513           478           516           476
           516           559           513           512
           513           559           553           511
           516           517           560           515
           560           559           516           514
           560           517           564           518
           597           559           560           558
           564           598           560           562
           560           598           597           561
            46            84            44            42
            46            88            84            45
            97            54            55            53
            55           101            97            56
            97           101           143            99
            96            54            97            52
            97           140            96            95
            97           143           140            98
            36            37            23             6
            59            55            36            21
            36            23            59            20
            36            55            78            31
           125            83            79            81
            83            37            79            40
            37            36            79            35
            79           121           125            80
            78           121            79            76
            79            36            78            34
           574           577           536           534
           577           532           536           533
           536           532           496           495
           467           463           429           432
           133           136           170           132
           277           244           280           243
           314           277           280           275
           280           317           314           279
           214           212           175           174
           170           136           173           134
           173           209           170           168
           173           136           175           135
           175           212           173           172
           212           209           173           171
           196           155           152           151
           152           155           111           112
           149           193           152           147
           193           196           152           150
           152           110           149           109
           111           110           152           108
            26            44            62            25
            62            49            26            24
            49            19            26            16
            83            64            41            39
             8            37            41            13
            41            37            83            38
            41             9             8            12
            41            14             9            11
            14            41            29            10
            29            41            64            27
           448           486           482           450
           448           452           486           449
           482           481           448           447
           418           452           411           414
           411           379           418           377
           295           291           337           293
           634           611           608           607
           608           577           574           573
           608           611           577           575
           433           467           429           431
           496           532           494           493
           470           463           499           466
           463           467           499           465
           467           494           499           464
           499           502           470           468
           499           539           502           498
           499           532           539           497
           499           494           532           492
           129           170           167           131
           129           133           170           130
            91           133           129            90
           129           128            91            89
           167           128           129           126
           317           280           283           278
           251           285           283           250
           394           353           357           355
            65            29            64            28
            65           110            70            67
            65            64           110            66
           481           442           446           444
           446           448           481           443
           452           448           415           413
           415           411           452           412
           618           623           641           617
           597           623           593           592
           593           559           597           557
           623           618           593           591
           593           618           587           586
           553           559           593           552
           593           587           553           551
           399           433           429           398
           429           397           399           395
           399           397           362           361
           467           433           462           430
           462           494           467           460
           496           494           462           461
           245           283           280           248
           244           212           245           211
           245           280           244           242
           212           214           245           210
           360           325           362           324
           360           397           394           359
           362           397           360           358
           394           357           360           354
           360           357           325           323
           318           283           285           282
           317           283           318           281
           318           353           317           315
           318           357           353           321
           325           357           322           320
           322           318           285           284
           357           318           322           319
           448           446           410           409
           410           415           448           408
           251           283           249           247
           283           245           249           246
           249           245           214           213
           337           379           334           333
           334           295           337           292
           411           415           376           375
           415           410           376           374
           411           376           373           372
           379           411           373           371
           373           334           379           332
