           131           155           138           252
           241           248           249           253
            90            71            51           254
            90           103            71           255
           242           248           241           256
            51            71            25           257
            25            19            51           258
             2            19            25           259
             9            19             2           260
            33            63            51           261
            51            19            33           262
            18            10             1           263
             1            24            18           264
             8            15             5           265
            16            15             8           266
            16            18            30           267
             8            10            16           268
            10            18            16           269
            30            61            48           270
            40            24            72           271
            40            18            24           272
            40            61            30           273
            30            18            40           274
           105            96            72           275
           131           138           119           276
           119           105           131           277
            96           105           119           278
           241           249           238           279
           226           224           238           280
           248           242           246           281
            63            62            76           282
            76            85            63           283
            63            85            82           284
            51            63            82           285
            82            90            51           286
           102            90            82           287
             7            14             6           288
            37            62            63           289
            63            33            37           290
             4             5            11           291
            11             5            15           292
            28            14            23           293
            15            16            27           294
            27            16            30           295
            30            48            27           296
            72            96            79           297
            79            40            72           298
            61            40            79           299
            79            84            61           300
           126           119           138           301
           231           238           224           302
           224           218           231           303
           241           238           231           304
           156           138           155           305
           236           243           247           306
           144           139           153           307
           144           128           139           308
           144           151           127           309
           127           128           144           310
           113            90           102           311
           103            90           113           312
           127           103           113           313
           113           128           127           314
           117           113           102           315
           128           113           117           316
            85            76            88           317
            88            87            91           318
            19             9            17           319
             9             6            17           320
            17             6            14           321
            17            33            19           322
            17            14            28           323
            28            37            17           324
            17            37            33           325
            22            11            15           326
            13             3             4           327
             4            11            13           328
            96           119           112           329
           119           126           112           330
           122           110           112           331
           112           126           122           332
            89            84            99           333
            99           101            89           334
           214           224           226           335
           185           205           228           336
           166           205           185           337
           166           144           153           338
           185           151           166           339
           151           144           166           340
           154           156           169           341
           191           215           223           342
           235           215           230           343
           235           230           250           344
           250           243           235           345
           223           215           235           346
           235           236           223           347
           243           236           235           348
           169           156           177           349
           177           191           169           350
           215           191           177           351
           177           156           155           352
           240           236           247           353
           229           236           240           354
           247           246           240           355
           240           232           229           356
           240           246           242           357
           242           232           240           358
           223           236           221           359
           221           236           229           360
           233           242           241           361
           233           232           242           362
           102            82            95           363
            95            82            85           364
            85            88            94           365
            94            95            85           366
           106            95            94           367
            94           104           106           368
            11            22            20           369
            20            13            11           370
            28            23            38           371
            98            99            84           372
            96           112            98           373
            98           112           110           374
           110            99            98           375
            98            79            96           376
            84            79            98           377
            77            83            86           378
            67            83            77           379
            89            83            73           380
            73            83            67           381
            61            84            73           382
            73            84            89           383
            73            48            61           384
            73            67            48           385
           199           214           192           386
           192           182           199           387
           180           167           176           388
           176           186           180           389
           180           186           206           390
           153           139           146           391
           146           158           153           392
           138           156           141           393
           156           154           141           394
           141           126           138           395
           126           141           134           396
           122           126           134           397
           134           125           122           398
           169           191           174           399
           187           177           155           400
           230           215           187           401
           215           177           187           402
           213           221           229           403
           181           174           198           404
           198           174           191           405
           198           191           223           406
           223           221           198           407
           241           231           227           408
           227           233           241           409
           227           231           218           410
           218           216           227           411
           232           233           222           412
           106           104           111           413
           111           114           106           414
           118           114           111           415
           109           117           102           416
           102            95           109           417
           109            95           106           418
           106           114           109           419
           176           167           165           420
           167           163           165           421
           104            94            97           422
            97            88            91           423
            97            94            88           424
            13            20            26           425
            26            21            13           426
            26            20            32           427
            12            23            14           428
            12            21            23           429
            12            14             7           430
            12             7             3           431
             3            13            12           432
            13            21            12           433
            28            38            47           434
            47            37            28           435
            62            37            47           436
            47            68            62           437
            47            38            57           438
            57            68            47           439
            23            21            35           440
            35            38            23           441
            75            68            57           442
            78            88            76           443
            87            88            78           444
            78            76            62           445
            62            68            78           446
            86            83            92           447
           108            99           110           448
           101            99           108           449
            80            77            86           450
            31            20            22           451
            32            20            31           452
            48            67            45           453
            45            27            48           454
            15            27            29           455
            29            22            15           456
            27            45            29           457
            29            45            42           458
            43            56            41           459
            32            31            41           460
            41            31            43           461
           209           218           224           462
           224           214           209           463
           214           199           209           464
           196           209           194           465
           194           209           199           466
           211           186           192           467
           206           186           211           468
           192           214           211           469
           211           214           226           470
           234           228           205           471
           205           219           234           472
           234           244           251           473
           251           228           234           474
           226           238           239           475
           239           238           249           476
           249           245           239           477
           225           219           206           478
           225           211           226           479
           206           211           225           480
           226           239           225           481
           167           180           170           482
           136           146           139           483
           125           134           135           484
           160           154           169           485
           169           174           160           486
           160           174           162           487
           168           174           181           488
           162           174           168           489
           221           213           202           490
           202           198           221           491
           181           198           202           492
           233           227           220           493
           220           222           233           494
           220           212           222           495
           220           227           216           496
           120           109           114           497
           120           123           129           498
           117           109           120           499
           120           114           118           500
           118           123           120           501
           176           165           173           502
           173           186           176           503
           158           146           148           504
           146           136           148           505
           129           123           132           506
           137           136           132           507
           132           136           129           508
            21            26            34           509
            34            35            21           510
            57            38            49           511
            38            35            49           512
            54            41            56           513
            68            75            81           514
            81            78            68           515
            87            78            81           516
           100            92            93           517
            89           101            93           518
           101           100            93           519
            93            83            89           520
            93            92            83           521
           115           108           116           522
           122           125           116           523
           116           110           122           524
           116           108           110           525
           107           100           101           526
           101           108           107           527
           107           108           115           528
            77            80            66           529
            42            45            66           530
            67            77            66           531
            66            45            67           532
            58            56            43           533
            43            50            58           534
            58            50            64           535
            43            31            36           536
            36            50            43           537
            36            31            22           538
            42            50            36           539
            22            29            36           540
            36            29            42           541
           188           199           182           542
           188           194           199           543
           237           234           219           544
           219           225           237           545
           237           225           239           546
           244           234           237           547
           237           245           244           548
           237           239           245           549
           190           170           180           550
           206           219           190           551
           190           180           206           552
           190           219           205           553
           153           158           171           554
           158           170           171           555
           170           190           171           556
           171           166           153           557
           205           166           171           558
           171           190           205           559
           124           125           133           560
           125           135           133           561
           133           135           140           562
           150           160           162           563
           200           203           216           564
           232           222           217           565
           229           232           217           566
           217           213           229           567
           197           212           201           568
           216           203           210           569
           210           220           216           570
           210           203           201           571
           201           212           210           572
           212           220           210           573
           117           120           130           574
           130           120           129           575
           139           128           130           576
           128           117           130           577
           130           136           139           578
           129           136           130           579
           178           182           192           580
           192           186           178           581
           186           173           178           582
           158           148           159           583
           167           170           159           584
           159           170           158           585
           159           163           167           586
           159           157           163           587
           157           159           149           588
           149           159           148           589
            39            26            32           590
            39            34            26           591
            32            41            39           592
            35            34            46           593
            46            49            35           594
            69            75            57           595
           115           116           121           596
           121           125           124           597
           121           116           125           598
           152           150           162           599
           140           135           143           600
           154           160           145           601
           160           150           145           602
           150           143           145           603
           145           141           154           604
           145           134           141           605
           145           135           134           606
           145           143           135           607
           207           216           218           608
           207           200           216           609
           196           200           207           610
           207           209           196           611
           218           209           207           612
           213           217           204           613
           189           184           204           614
           181           202           183           615
           142           149           148           616
           142           136           137           617
           142           148           136           618
            41            54            52           619
            52            39            41           620
            34            39            44           621
            44            46            34           622
            74            66            80           623
            42            66            60           624
            60            50            42           625
            66            74            60           626
            60            74            70           627
            64            50            60           628
            60            70            64           629
           161           152           162           630
           162           168           161           631
           161           168           164           632
           150           152           147           633
           147           143           150           634
           140           143           147           635
           208           204           217           636
           222           212           208           637
           208           217           222           638
           212           197           208           639
           175           172           164           640
           175           168           181           641
           164           168           175           642
           181           183           175           643
           175           183           172           644
           193           204           184           645
           213           204           193           646
           193           202           213           647
           193           183           202           648
           172           183           179           649
           179           193           184           650
           183           193           179           651
            39            52            53           652
            53            44            39           653
           189           204           195           654
           204           208           195           655
           195           208           197           656
            57            49            65           657
            65            69            57           658
            46            44            55           659
            44            53            55           660
            46            55            59           661
            49            46            59           662
            59            65            49           663
