        0.305932        0.419578
        0.338426        0.415720
        0.351982        0.378070
        0.319299        0.384771
        0.369445        0.446441
        0.404516        0.538914
        0.358492        0.493065
        0.321425        0.457751
        0.277072        0.416211
        0.226801        0.467309
        0.256143        0.451751
        0.284848        0.457279
        0.306390        0.500045
        0.235311        0.441167
        0.374554        0.404637
        0.400051        0.344320
        0.393359        0.376856
        0.410113        0.420901
        0.362094        0.344801
        0.462405        0.515126
        0.526750        0.558404
        0.457050        0.443737
        0.412355        0.476936
        0.435444        0.332208
        0.429219        0.293095
        0.394629        0.307031
        0.209163        0.494706
        0.168813        0.489224
        0.189046        0.462884
        0.808440        0.922991
        0.526238        0.659391
        0.622341        0.717283
        0.646383        0.848360
        0.443377        0.680435
        0.386000        0.603236
        0.459495        0.595296
        0.341697        0.544509
        0.283784        0.543074
        0.230684        0.536023
        0.317371        0.600416
        0.256047        0.497876
        0.455903        0.240581
        0.462217        0.270297
        0.424754        0.263788
        0.470880        0.209803
        0.449333        0.219316
        0.500816        0.406290
        0.485119        0.351397
        0.443429        0.381129
        0.915935        0.818843
        1.000000        1.000000
        0.845982        0.668501
        0.714446        0.641572
        0.747806        0.768973
        0.605391        0.606770
        0.681332        0.533768
        0.569162        0.427767
        0.589740        0.508491
        0.515365        0.473145
        0.523038        0.314652
        0.506361        0.272666
        0.468274        0.308465
        0.197154        0.568045
        0.182396        0.523357
        0.134996        0.481431
        0.133043        0.522583
        0.101106        0.512279
        0.067801        0.518058
        0.139863        0.560087
        0.086584        0.492446
        0.042518        0.538126
        0.007012        0.516934
        0.035081        0.498768
        0.541361        0.925369
        0.677515        1.000000
        0.397344        0.754559
        0.422655        0.864591
        0.513827        0.776106
        0.356808        0.669904
        0.299089        0.727707
        0.276493        0.650763
        0.209376        0.625442
        0.253609        0.586836
        0.493623        0.238638
        0.500739        0.196207
        0.497775        0.157534
        0.529906        0.229354
        0.469684        0.171454
        0.518358        0.134666
        0.504211        0.094929
        0.484731        0.122619
        0.619410        0.374019
        0.588984        0.315798
        0.543655        0.364597
        0.930047        0.555496
        1.000000        0.687555
        0.790141        0.548974
        0.867361        0.446279
        0.750183        0.451479
        0.708839        0.372455
        0.648465        0.445559
        0.577851        0.218804
        0.620252        0.263261
        0.557186        0.270895
        0.111897        0.611614
        0.157672        0.655810
        0.155457        0.593942
        0.034537        0.584572
        0.063791        0.626336
        0.081737        0.562961
        0.010735        0.552648
       -0.012310        0.587538
       -0.053609        0.521748
       -0.024283        0.541298
       -0.024779        0.499386
       -0.084687        0.533005
       -0.111536        0.502448
       -0.077242        0.493998
        0.321893        0.939223
        0.432742        1.000000
        0.321396        0.817668
        0.224767        0.881149
        0.227274        0.779665
        0.152974        0.733089
        0.219062        0.695549
        0.556776        0.131677
        0.592118        0.166389
        0.538909        0.178530
        0.531433        0.102850
        0.531505        0.065961
        0.566011        0.084071
        0.521018        0.033515
        0.496469        0.059319
        0.535968        0.003856
        0.512601       -0.027698
        0.499970        0.005514
        0.759304        0.294343
        0.701143        0.243370
        0.666111        0.311901
        1.000000        0.429959
        0.937314        0.331863
        0.870600        0.258951
        0.811942        0.359905
        0.647892        0.148057
        0.714516        0.180581
        0.637459        0.206986
        0.039369        0.700163
        0.082777        0.762719
        0.098498        0.677940
       -0.020774        0.701491
       -0.043199        0.630631
        0.011139        0.638108
       -0.095996        0.619551
       -0.108024        0.569962
       -0.058805        0.571859
       -0.118014        0.533157
       -0.151811        0.554850
       -0.149177        0.513290
       -0.174282        0.489275
       -0.139352        0.480188
        0.211542        1.000000
        0.051932        0.870073
        0.119623        0.941926
        0.141363        0.825778
        0.611078        0.059960
        0.657617        0.089233
        0.599985        0.113650
        0.572244       -0.013620
        0.614016        0.006438
        0.566614        0.035713
        0.564867       -0.059930
        0.527438       -0.063942
        0.541320       -0.029659
        0.509115       -0.092734
        0.496513       -0.058950
        0.799859        0.211224
        1.000000        0.205724
        0.732705        0.068092
        0.777113        0.128328
        0.875036        0.155724
        0.941750        0.085667
        0.706231        0.123534
       -0.230863        0.465982
       -0.213547        0.495666
       -0.193329        0.461112
       -0.242114        0.437471
       -0.271979        0.464186
       -0.281275        0.434664
       -0.308950        0.415457
       -0.285037        0.410797
       -0.066519        0.764751
       -0.037221        0.870776
        0.008469        0.784440
       -0.146431        0.663324
       -0.139378        0.737664
       -0.081931        0.681925
       -0.147253        0.604869
       -0.194996        0.575951
       -0.201643        0.634835
       -0.231627        0.540782
       -0.190166        0.526525
       -0.107138        0.942630
        0.005963        1.000000
        0.663685       -0.027344
        0.735835        0.005035
        0.666636        0.030516
        0.590822       -0.096578
        0.647868       -0.084051
        0.608799       -0.046914
        0.521141       -0.131573
        0.565419       -0.139429
        0.544482       -0.103216
        0.496837       -0.152567
        0.486349       -0.116036
        1.000000        0.001051
        0.792193       -0.045920
        0.945236       -0.109524
        0.886986       -0.023691
        0.825249        0.050225
       -0.357043        0.376300
       -0.340730        0.414519
       -0.325138        0.379849
       -0.278722        0.550005
       -0.301758        0.503094
       -0.257147        0.499362
       -0.362841        0.452077
       -0.346533        0.500814
       -0.316675        0.455725
       -0.212061        0.882969
       -0.215004        0.784028
       -0.126096        0.827889
       -0.210108        0.703177
       -0.311767        0.608599
       -0.271319        0.658260
       -0.291732        0.733114
       -0.247568        0.596458
       -0.311378        0.940339
       -0.201281        1.000000
        0.681441       -0.136578
        0.753616       -0.130826
        0.715621       -0.065635
        0.583064       -0.185069
        0.642040       -0.194745
        0.619184       -0.139603
        0.532591       -0.175467
        0.502831       -0.195645
        0.476285       -0.207735
        0.544781       -0.220291
        0.471570       -0.166198
        0.461997       -0.238109
        0.452953       -0.211738
        1.000000       -0.207274
        0.789428       -0.212432
        0.886255       -0.213359
        0.941019       -0.315437
        0.835708       -0.122349
       -0.393546        0.369264
       -0.400269        0.333027
       -0.365614        0.341067
       -0.427743        0.406603
       -0.413351        0.451197
       -0.380377        0.407983
       -0.331452        0.554194
       -0.382349        0.606788
       -0.394079        0.545913
       -0.439663        0.512210
       -0.391471        0.492523
       -0.308807        0.821018
       -0.389582        0.760490
       -0.439751        0.683825
       -0.412171        0.868775
       -0.356281        0.675146
       -0.533488        0.928435
       -0.424046        1.000000
        0.661977       -0.263102
        0.737189       -0.286540
        0.709519       -0.204495
        0.552697       -0.271025
        0.610917       -0.304159
        0.597418       -0.240137
        0.509725       -0.293871
        0.467180       -0.270421
        0.504333       -0.245270
        0.431605       -0.289719
        0.428704       -0.257319
        1.000000       -0.428584
        0.762479       -0.386927
        0.869481       -0.414897
        0.928463       -0.536362
        0.823056       -0.310453
       -0.400545        0.299272
       -0.452718        0.254458
       -0.435444        0.283221
       -0.437240        0.317337
       -0.429260        0.256391
       -0.479134        0.342162
       -0.476360        0.395191
       -0.434647        0.358741
       -0.524593        0.440897
       -0.502288        0.513322
       -0.468205        0.453084
       -0.546879        0.575149
       -0.521650        0.671632
       -0.459314        0.591023
       -0.503659        0.785306
       -0.618830        0.732111
       -0.807871        0.924154
       -0.642424        0.852589
       -0.672758        1.000000
       -0.916952        0.825988
       -1.000000        1.000000
        0.615418       -0.374450
        0.691767       -0.433778
        0.678993       -0.344673
        0.507829       -0.346492
        0.555302       -0.393937
        0.556340       -0.327668
        0.468502       -0.308674
        0.430416       -0.325153
        0.394430       -0.337736
        0.464095       -0.358477
        0.397608       -0.303163
        0.384483       -0.369947
        0.347073       -0.378734
        0.360543       -0.346423
        0.854458       -0.642329
        0.925995       -0.807111
        1.000000       -0.674849
        0.673743       -0.519775
        0.729432       -0.618268
        0.785388       -0.505654
       -0.478951        0.200745
       -0.480325        0.244142
       -0.452368        0.212985
       -0.520269        0.269778
       -0.524985        0.319213
       -0.476527        0.293999
       -0.586246        0.421170
       -0.583864        0.352515
       -0.526228        0.373747
       -0.579346        0.495859
       -0.601976        0.638566
       -0.650071        0.559658
       -0.667133        0.478104
       -0.707241        0.651859
       -0.839916        0.674171
       -0.750856        0.772462
       -0.922964        0.576300
       -1.000000        0.705502
        0.534053       -0.457793
        0.576145       -0.524303
        0.610920       -0.451008
        0.498645       -0.403135
        0.402684       -0.406339
        0.446310       -0.407452
        0.468795       -0.459323
        0.425139       -0.363623
        0.336587       -0.415555
        0.370666       -0.437427
        0.367767       -0.399796
        0.303017       -0.423191
        0.312910       -0.389984
        0.824355       -0.915495
        1.000000       -1.000000
        0.654762       -0.712253
        0.678148       -0.844698
        0.777986       -0.746485
        0.526269       -0.588613
        0.549198       -0.678071
        0.624921       -0.602664
       -0.505619        0.180969
       -0.497648        0.141866
       -0.472405        0.163808
       -0.507322        0.078340
       -0.518797        0.114462
       -0.488167        0.108132
       -0.548260        0.190413
       -0.561536        0.235825
       -0.512080        0.225443
       -0.619874        0.247695
       -0.637486        0.314950
       -0.572200        0.289892
       -0.653163        0.393905
       -0.742919        0.433333
       -0.858531        0.461648
       -0.715653        0.338834
       -0.768891        0.544548
       -0.935568        0.373048
       -1.000000        0.478851
        0.492593       -0.519236
        0.369726       -0.485046
        0.439611       -0.568610
        0.424229       -0.505830
        0.415147       -0.455599
        0.290054       -0.456437
        0.322683       -0.496420
        0.329084       -0.456885
        0.252638       -0.454321
        0.267058       -0.422705
        0.386759       -0.616267
        0.566749       -0.929203
        0.695078       -1.000000
        0.561379       -0.787609
        0.460737       -0.865705
        0.466571       -0.747018
        0.390791       -0.705218
        0.461294       -0.643940
       -0.532135        0.047287
       -0.520162        0.017355
       -0.497945        0.045290
       -0.532372        0.153657
       -0.556512        0.110625
       -0.566591        0.064398
       -0.578004        0.147472
       -0.535853        0.081598
       -0.634488        0.139733
       -0.663082        0.194543
       -0.600329        0.192139
       -0.687094        0.261053
       -0.876235        0.275161
       -0.736973        0.192226
       -0.771933        0.269262
       -0.806703        0.361545
       -0.940667        0.186552
       -1.000000        0.278749
        0.300217       -0.534109
        0.320223       -0.591605
        0.364946       -0.542654
        0.274020       -0.489721
        0.194896       -0.480241
        0.232001       -0.485886
        0.246951       -0.525691
        0.216835       -0.450536
        0.272354       -0.632667
        0.314001       -0.757674
        0.262100       -0.709785
        0.334038       -0.662208
        0.443791       -1.000000
        0.349152       -0.936502
        0.278196       -0.870271
        0.377040       -0.809506
       -0.496703       -0.057325
       -0.536031       -0.020717
       -0.514063       -0.044817
       -0.510091       -0.078351
       -0.499933       -0.008200
       -0.573245       -0.032058
       -0.562608        0.014974
       -0.612009        0.046350
       -0.615430        0.000069
       -0.658414        0.084838
       -0.601312        0.096621
       -0.701823        0.130438
       -0.779897        0.111467
       -0.879289        0.099895
       -0.729932        0.058890
       -0.822002        0.185188
       -0.938622        0.012785
       -1.000000        0.095720
        0.168743       -0.505247
        0.134183       -0.495979
        0.162705       -0.472786
        0.261686       -0.569952
        0.165522       -0.544931
        0.206625       -0.559730
        0.212022       -0.609210
        0.205148       -0.517401
        0.163372       -0.651139
        0.189333       -0.720963
        0.221337       -0.665840
        0.145019       -0.777051
        0.181981       -0.878471
        0.230924       -0.801308
        0.110956       -0.944702
        0.226624       -1.000000
       -0.499243       -0.138272
       -0.523339       -0.107476
       -0.488019       -0.108802
       -0.566066       -0.115069
       -0.591109       -0.080910
       -0.545552       -0.068925
       -0.611574       -0.042223
       -0.647587       -0.084774
       -0.666223       -0.031762
       -0.734320       -0.011429
       -0.672108        0.027455
       -0.786786       -0.073338
       -0.881790       -0.071879
       -0.815865        0.018776
       -0.943169       -0.165906
       -1.000000       -0.076140
        0.121457       -0.555257
        0.104266       -0.521177
        0.138375       -0.525554
        0.072991       -0.511996
        0.101469       -0.489596
        0.092405       -0.585283
        0.106667       -0.634403
        0.153042       -0.591837
        0.055363       -0.675093
        0.067754       -0.747918
        0.115738       -0.695741
        0.003913       -0.794614
        0.010152       -0.889978
        0.088395       -0.834105
       -0.082849       -0.945276
        0.017848       -1.000000
       -0.815064       -0.921833
       -0.922646       -0.821480
       -1.000000       -1.000000
       -0.478626       -0.196123
       -0.506550       -0.173578
       -0.473264       -0.161312
       -0.544791       -0.193147
       -0.580211       -0.165434
       -0.536446       -0.144701
       -0.616200       -0.131581
       -0.634987       -0.188427
       -0.677320       -0.141926
       -0.748422       -0.150823
       -0.714987       -0.080517
       -0.854282       -0.665911
       -0.931636       -0.563962
       -1.000000       -0.698942
       -0.829506       -0.158272
       -1.000000       -0.459653
       -0.776776       -0.236991
       -0.876518       -0.253533
       -0.864986       -0.443989
       -0.933350       -0.353993
       -1.000000       -0.263305
        0.072954       -0.548381
        0.037328       -0.532825
        0.010564       -0.516680
        0.039552       -0.572031
        0.044550       -0.498011
       -0.001095       -0.596145
        0.000455       -0.650087
        0.051220       -0.615630
       -0.058938       -0.681344
       -0.067872       -0.753046
       -0.000870       -0.713909
       -0.075787       -0.835829
       -0.148312       -0.791817
       -0.169529       -0.888683
       -0.281975       -0.943407
       -0.190608       -1.000000
       -0.663601       -0.854792
       -0.545330       -0.932959
       -0.677254       -1.000000
       -0.450923       -0.249863
       -0.478222       -0.235296
       -0.452673       -0.212337
       -0.646444       -0.726390
       -0.729544       -0.637862
       -0.767938       -0.765498
       -0.506683       -0.263867
       -0.545328       -0.244263
       -0.509940       -0.214720
       -0.587987       -0.220021
       -0.589893       -0.279630
       -0.644132       -0.251507
       -0.714819       -0.291174
       -0.700773       -0.213679
       -0.794909       -0.533292
       -0.699113       -0.368121
       -0.691449       -0.530869
       -0.749537       -0.438945
       -0.800049       -0.339022
       -0.445869       -0.858209
       -0.344730       -0.868657
       -0.413127       -1.000000
       -0.023628       -0.516217
       -0.007340       -0.499946
       -0.049063       -0.531754
       -0.046050       -0.573120
       -0.005519       -0.552083
       -0.092504       -0.591360
       -0.106942       -0.645641
       -0.048985       -0.620721
       -0.126958       -0.709401
       -0.287630       -0.763370
       -0.171223       -0.666780
       -0.203659       -0.741254
       -0.242191       -0.830221
       -0.433566       -0.278815
       -0.428041       -0.258420
       -0.464723       -0.736122
       -0.547027       -0.682470
       -0.545610       -0.798877
       -0.440663       -0.307094
       -0.486480       -0.306713
       -0.472054       -0.278832
       -0.601573       -0.520881
       -0.540251       -0.583954
       -0.625784       -0.614795
       -0.538056       -0.298049
       -0.643635       -0.320821
       -0.507239       -0.342852
       -0.572007       -0.335373
       -0.610540       -0.384196
       -0.571088       -0.445032
       -0.653654       -0.444520
       -0.321101       -0.695406
       -0.397054       -0.678606
       -0.378871       -0.775750
       -0.085592       -0.509916
       -0.058026       -0.496622
       -0.128657       -0.560886
       -0.118732       -0.520809
       -0.083645       -0.546557
       -0.144883       -0.606801
       -0.178608       -0.571655
       -0.206736       -0.623268
       -0.272643       -0.629777
       -0.241828       -0.684139
       -0.406418       -0.326500
       -0.400604       -0.299193
       -0.466898       -0.552681
       -0.406006       -0.593681
       -0.469688       -0.633739
       -0.402030       -0.354929
       -0.449331       -0.343258
       -0.525281       -0.503329
       -0.475616       -0.387140
       -0.426652       -0.386217
       -0.500933       -0.440497
       -0.458064       -0.485072
       -0.534330       -0.387248
       -0.352947       -0.558490
       -0.295537       -0.577786
       -0.342604       -0.626329
       -0.148593       -0.494968
       -0.115106       -0.486570
       -0.157444       -0.529300
       -0.185196       -0.500671
       -0.205285       -0.537281
       -0.256308       -0.536903
       -0.233496       -0.578863
       -0.361011       -0.366801
       -0.369320       -0.337050
       -0.405725       -0.520975
       -0.387439       -0.384479
       -0.399868       -0.465602
       -0.355643       -0.498020
       -0.393773       -0.420103
       -0.354802       -0.402757
       -0.443187       -0.430913
       -0.314765       -0.478953
       -0.272840       -0.498541
       -0.310511       -0.528166
       -0.173228       -0.469033
       -0.209056       -0.472392
       -0.245678       -0.470640
       -0.224916       -0.503681
       -0.326275       -0.378873
       -0.305918       -0.440076
       -0.320312       -0.411775
       -0.350692       -0.444918
       -0.283093       -0.463776
       -0.229025       -0.444463
       -0.283970       -0.411535
       -0.265363       -0.439925
